3326 5 3 .29 21 732600
2618 4 3 .42 21 616200
2712 4 3 .40 21 654800
3297 5 3 .28 21 675700
3225 4 4 .38 21 702000
3572 4 3 .61 21 744200
3302 5 3 .26 21 767600
3225 5 4 .29 21 835400
3309 5 3 .40 21 684500
2712 4 3 .41 21 707100
4803 5 3.5 .69 20 1063000
4684 5 4 .35 21 979300
2910 4 3 .26 20 667200
4219 6 4 .46 21 928300
3274 4 4 .65 21 752900
4915 5 5 .27 21 1046800
2370 4 3 .31 28 600900
2401 4 3 .26 21 519800
2310 4 3 1 24 620400
3277 4 4.5 .43 27 757600
3790 5 3 .37 22 1057800
2910 3 3 .43 24 698000
3117 4 3 .30 20 857800
3385 5 3 .50 18 963300
3221 4 4 .22 21 736300
1764 3 2.5 .07 21 319900
1877 4 2 .15 7 515400
3349 5 3 .18 5 728800
2958 4 2.5 .13 5 581700
2529 4 3 .13 6 556100
1526 2 2.5 .07 22 262200
3309 5 3 .21 25 716700
2689 4 3 .22 23 592500